-0.746363 0.851804 -0.576127 0.407866 0.589399 0.77676 0.600819 -0.958617 -0.740689 0.757691 0.718234 0.555117 -0.119551 -0.608758 -0.721211 
0.220304 -0.878411 1.89239 -0.149946 -3.28806 2.8984 -1.76432 -1.31591 -2.45927 0.453543 2.08301 0.869617 -2.7999 2.96882 0.917725 
-0.187518 -0.058773 -0.158397 -0.0212643 0.930337 -0.293236 0.727832 0.0553412 -0.800041 -0.746869 -0.11862 -0.625119 0.479174 -0.655271 0.893366 
-0.525316 0.156909 0.0517352 -0.278492 0.391984 0.660756 -0.951099 0.206001 -0.178721 0.303734 0.192811 -0.2941 -0.110735 -0.669701 0.552217 
0.769242 -0.579809 0.627854 -0.994896 0.635804 0.419626 0.279965 0.372969 0.227858 -0.441123 -0.772951 -0.0917337 0.317405 0.64784 0.193359 
-0.501904 0.308542 -0.100095 -0.0230212 -0.578281 -0.513651 -0.667397 0.165613 0.56951 0.233802 -0.245958 0.325276 0.500535 -0.629971 -0.778144 
0.91753 0.357773 0.438497 0.407277 0.937583 0.748878 0.689108 -0.281846 -0.140453 -0.180104 -0.420599 0.244212 0.510641 -0.985235 0.26738 
0.852545 0.327628 0.850847 -0.10177 -0.312778 -0.284403 -0.14964 -0.389499 -0.904297 -0.326375 -0.175931 0.656474 -0.222011 -0.940319 0.127486 
-0.409642 -0.476125 0.613121 -0.079041 -0.673225 0.585314 0.873177 -0.0614634 -0.277664 -0.456774 -0.759072 -0.840106 -0.96226 -0.0265684 -0.335623 
-0.440646 -0.422318 -0.566464 -0.101311 -0.812868 0.148627 0.360791 -0.0138426 0.537193 0.845419 0.888274 0.173839 0.0333557 0.800958 -0.739328 
-0.4491 0.324517 -0.554647 0.916178 0.137962 -0.801948 -0.909017 0.0938632 -0.664152 0.564349 0.76505 0.39981 -0.972513 0.796732 -0.498911 
0.718459 0.509374 -0.992731 0.956168 -0.269352 -0.752191 0.190115 0.841597 0.832413 -0.301426 0.0147352 0.816644 0.255733 0.58241 0.397167 
0.632499 -0.0510037 0.568305 -0.652385 0.112347 -0.0882418 0.0826681 -0.388862 -0.898381 0.211242 -0.764075 0.658401 0.509203 -0.727221 0.507793 
0.0522878 0.168993 0.0686159 0.0172257 -0.97532 -0.191756 0.848115 0.568521 0.12571 0.245371 -0.292857 0.0941522 0.374511 -0.230019 -0.447702 
-0.875858 0.366823 0.793418 -0.236557 -0.24995 -0.686862 -0.987257 0.0922105 -0.710543 0.605199 0.254114 0.293308 0.972871 -0.340225 0.824298 
0.22198 -0.521286 0.296484 -0.249631 -0.0927947 0.717008 -0.348067 -0.434802 0.886421 -0.414097 -0.835941 0.409028 -0.575907 -0.538147 0.859683 
-0.455527 0.177122 0.904018 -0.228991 0.250723 -0.801224 0.598249 -0.0437944 -0.660675 -0.28554 0.382934 0.904303 -0.481689 0.987536 0.0104902 
0.398553 -0.701837 0.4925 0.527869 -0.568888 -0.871001 0.0185261 -0.874606 -0.303557 0.421815 -0.133206 -0.967435 -0.972393 -0.0792642 0.660486 
-0.483373 -0.63239 0.692545 0.823627 -0.15376 0.367961 -0.578437 -0.165149 0.559616 0.734134 -0.645333 -0.149763 0.364861 0.819161 0.997193 
0.940519 -0.00807476 -0.862905 -0.4992 0.384475 0.946464 -0.66442 -0.259753 0.863606 -0.921443 -0.723821 -0.947713 -0.0515215 0.602312 -0.312762 
0.91668 0.819204 -0.692789 0.0721734 -0.10954 0.0658531 -0.150507 0.61779 0.839916 0.731956 -0.554522 0.814347 0.993972 -0.948773 -0.700191 
0.2651 -0.862878 0.679032 -0.331254 0.296391 -0.463945 -0.535819 -0.536316 -0.813562 0.338913 -0.534667 -0.987857 -0.0405345 0.73239 -0.413234 
-0.872083 -0.674245 1.42238 -0.0808886 0.729854 -0.225673 -0.982508 1.55105 0.78274 -0.674275 0.127501 0.0844992 -0.559097 1.59023 2.3608 
0.542586 0.371444 -0.242777 0.54462 -0.531052 -0.859179 -0.870124 -0.914049 0.277718 -0.247117 -0.238523 0.81009 0.801635 0.963856 -0.164836 
2.0936 -3.72811 0.573527 -0.0958657 -0.360307 1.48339 1.51747 1.15736 -0.540044 -2.39115 -0.983733 -1.00706 -0.0641939 -0.089623 -0.346156 
0.195706 0.110616 0.366833 0.30461 0.192177 -0.626447 -0.61443 -0.344815 0.57312 0.355943 -0.400101 0.807673 -0.729747 -0.31011 0.852487 
1.73976 -1.03064 2.24188 -0.812904 0.0350845 0.166414 0.528474 1.07664 -1.97684 0.710417 -0.171866 0.29421 -1.6933 0.217023 0.51952 
0.117513 0.371459 0.380624 0.74801 0.897218 0.621183 0.920229 0.970423 0.273636 -0.960974 0.482831 -0.155805 0.554695 -0.783851 -0.29535 
-0.111649 0.11302 -0.578341 -0.5239 -0.0373213 -0.691496 0.384276 -0.812791 -0.815719 0.425842 0.66715 -0.568855 0.605545 0.578537 -0.229666 
0.933969 0.489852 0.526739 -0.323222 -0.111842 -0.745425 0.340612 -0.588179 0.78038 0.993804 -0.865753 -0.3009 -0.469277 -0.967788 -0.1312 
0.452187 -0.628273 -0.730109 -0.957752 0.70923 -0.77327 -0.877409 -0.0727983 0.584686 0.400824 -0.657506 -0.324847 -0.218566 -0.638029 0.966355 
-3.41441 -0.494184 -0.236984 0.710156 0.373247 0.134782 2.17334 -1.00771 2.97 2.52744 -3.2956 -4.29282 -3.59746 1.40971 0.761229 
-2.76708 -0.332916 -0.166341 -2.76235 3.27583 1.11155 2.14585 0.90841 2.48801 -0.678153 -0.805481 -3.86512 -1.16086 -1.91905 0.495441 
-0.199103 -0.619784 -0.0677297 -0.161417 -0.953007 -0.657961 -0.754757 -0.418981 -0.58678 0.918385 -0.82193 -0.222019 -0.561384 0.173408 -0.0453956 
0.876933 -0.648669 -0.322916 0.0847194 0.726431 -0.735693 0.889272 0.80483 -0.442194 -0.978355 0.351048 -0.530212 0.354395 0.869951 -0.184864 
0.441225 0.998347 -0.361828 0.94114 -0.443161 -0.632857 -0.562493 -0.147899 0.940518 -0.701006 -0.367623 0.0326629 0.0136845 0.982677 -0.288207 
0.00724983 0.711934 -0.0647976 0.520138 -0.617713 -0.430114 0.317289 -0.658151 -0.0891564 -0.363212 -0.977279 0.952348 -0.472554 0.902271 0.515921 
-4.17552 4.35682 2.88118 2.02938 -0.15195 0.713176 -2.14392 0.87253 1.3828 -0.321905 3.06763 -1.62479 0.955787 1.36579 1.48029 
-0.465059 -1.34862 -1.53056 0.645431 1.08333 -4.10243 0.274248 -0.93107 -0.164796 0.145466 -2.46414 -0.495711 -1.85454 -0.077913 -2.59091 
-0.839669 0.818731 -0.188871 0.619015 1.55313 1.34874 0.590615 -0.851607 -1.50412 1.21034 -1.10981 -0.0161409 -0.505244 0.975834 -1.466 
-1.68775 1.71655 2.01478 -2.16597 -0.701253 -1.75095 1.53637 2.51311 0.283889 -0.298851 -0.521961 -1.23514 -2.3723 3.69376 -0.136278 
0.597659 -0.503 -4.63068 -2.23819 0.584911 -1.71249 1.61538 0.0202256 1.30601 2.26778 1.75558 -1.43369 -0.726041 -1.70932 1.69056 
1.42824 -2.13254 0.731581 4.72869 1.16447 1.94049 1.96941 -0.163269 1.0512 -0.290066 -0.417226 -2.87312 -3.11175 2.18227 -2.65737 
-0.658778 0.0416577 -0.184412 0.976348 0.17463 0.383145 -0.429551 -0.982985 0.778387 0.508296 -0.105451 -0.609264 0.34344 0.23425 0.672509 
-0.320949 0.154212 0.836737 -0.477526 0.716789 -0.141503 -0.635759 0.436762 0.918895 -0.930576 -0.0362532 -0.941429 -0.86597 -0.719732 -0.974532 
-0.719356 1.42751 2.84035 0.227992 0.0186762 0.0420305 -1.05979 -0.0783554 -3.18062 -0.182402 2.46489 -0.986698 0.798374 -2.8807 -3.5472 
-0.3976 0.732856 -0.406121 0.198654 0.521106 -0.501364 -0.29692 0.0354958 -0.459348 -0.995281 0.305384 -0.240573 -0.547563 0.550592 -0.982063 
-0.895754 1.69656 -2.59733 0.685768 -1.00563 1.14754 1.14146 -0.135399 -0.947012 -0.907812 0.999778 0.534216 0.0975215 0.0878584 0.642785 
-0.463611 -0.712206 -0.812457 0.601924 0.21985 -0.0978543 -0.020436 1.25619 0.0706097 2.9249 -0.0638821 -1.91809 1.0709 1.12958 -0.159496 
-0.957284 -0.304822 0.520783 -0.840824 0.451986 -0.257548 0.313621 0.17461 -0.998205 0.830742 -0.635261 -0.694409 -0.428792 0.807963 -0.259051 
0.802189 -0.352597 -0.750043 -0.247691 0.774449 0.428374 -0.24054 -0.16342 0.311934 -0.793537 -0.33106 -0.125476 0.76357 -0.754571 -0.321943 
-1.75284 1.96769 1.9691 0.307948 2.30771 0.613888 -1.84302 1.90907 0.352659 -3.71629 1.71435 -1.46875 0.156099 -1.14896 -3.39661 
-0.538041 -2.56486 -2.83433 -0.0887372 3.33724 -0.381926 3.69016 1.97843 -0.0564076 1.00741 0.739135 -2.9439 0.910248 1.43759 -1.40609 
0.628857 -1.40927 0.157741 -1.27673 -0.923405 -3.55732 0.958345 -1.80998 -1.68672 -2.52864 2.11337 -1.14482 -0.651913 -0.790214 -1.59553 
-0.535173 1.9951 -3.57737 -1.8672 2.06389 1.42921 -0.210581 -0.0438268 3.41987 -0.850436 -1.49064 -1.95121 -0.539498 2.55042 -4.06668 
0.192686 1.27104 -1.22684 -2.13187 5.01875 -1.15306 2.04442 -1.75346 -0.655493 -0.514732 -0.192686 3.06473 0.338289 -0.372503 -2.25091 
-2.35769 1.79971 1.16771 -0.88212 0.720951 -3.10108 -2.39385 1.95703 1.97208 -1.26224 1.42646 0.0994705 -1.26367 -1.1608 -3.18978 
-2.68638 0.568369 -1.84417 -2.18485 -0.324527 -0.810833 -3.01931 1.06544 0.287558 0.400052 -2.50029 -0.95958 -1.60015 -1.42726 -1.49306 
1.50027 0.510846 -3.23271 1.77053 1.36426 0.866507 0.0320049 -2.87557 1.27113 3.22507 -0.147568 -3.68165 -2.27724 1.47345 -0.846341 
0.732477 -1.91703 -3.34667 -0.290338 -0.16744 -0.0274745 -0.744545 -3.96985 -1.12717 -0.0823417 -3.52681 -2.72326 -1.75272 0.534689 -1.58974 
-0.038706 -3.40164 0.583913 -1.22143 -1.43306 3.36997 -4.72807 -1.62398 -0.549599 -2.86763 0.672476 -1.63535 -2.45057 0.926054 -1.70338 
1.21799 -4.02816 0.34131 0.751031 1.59767 -2.65794 -1.33919 3.21586 -2.05075 -2.21612 -0.553536 -3.23365 2.083 1.59721 -0.527732 
2.06646 -2.32604 -0.701421 2.631 1.82886 2.18322 -1.38705 4.56589 0.629522 -1.1975 -3.5092 0.260078 -0.0280201 -2.94804 -2.20296 
1.09643 -1.42236 -0.800145 -1.29196 0.567405 -1.07288 -0.768238 2.71066 0.21736 1.14964 1.0995 -0.609642 -0.218921 -0.265747 1.21549 
1.34419 0.964855 1.5392 0.429329 0.319364 -0.515709 -0.629629 -1.28474 1.38149 1.84049 0.967118 -0.711834 -0.851078 0.00638867 -0.560581 
-0.861294 -0.281097 -0.768885 0.780001 0.912877 -4.47413 -1.74047 0.246228 -2.14791 0.27546 -0.243934 1.31352 -0.0983029 1.724 1.78537 
0.412465 3.04822 -1.28839 -3.17427 3.96634 0.664617 -0.0493263 -0.704091 -2.02026 0.0403866 -0.902559 -3.31505 -3.29759 -0.0915244 0.653877 
-2.22115 1.15756 -0.803242 1.68089 -2.81989 -2.10152 3.28235 -0.487992 2.05024 -2.08057 0.504339 0.420075 0.326025 2.55681 0.645877 
-1.39038 -1.94689 0.955071 -1.31134 0.252751 0.0441623 1.50893 -1.58568 -2.33472 3.53335 -0.551429 -0.277233 1.64345 0.34162 -1.08065 
-0.382383 -3.99247 -0.46936 -0.180052 -1.21363 0.55481 1.02929 0.516275 0.273065 -4.31762 -1.75287 0.135567 0.405532 -1.17109 2.75104 
1.51106 -2.44219 -0.380792 1.49804 -1.9614 -1.70432 0.724364 2.56876 -1.68103 -3.36659 -1.04875 0.0189903 -0.2915 -2.74188 1.47062 
-1.41888 -0.613264 2.09616 0.500979 0.158211 -1.96505 -0.241645 -0.321909 1.40363 -3.7148 -2.09798 0.175092 2.0535 -3.25552 1.84197 
-1.07038 -1.24586 -0.509296 1.60555 -1.39202 1.77047 -0.775051 -0.424006 -2.18219 -0.455783 2.88507 -5.62889 -3.67958 0.0325757 -0.888665 
0.653314 1.77816 -1.90182 -2.33027 -1.89257 0.965534 1.49522 5.30591 -2.98745 -3.08096 -1.46056 2.88648 -1.12722 -0.85572 -3.2773 
1.27522 0.464078 -0.415595 1.42529 -1.59094 -0.280807 -0.829484 -3.83158 0.496673 -0.585616 0.914934 -2.37479 -2.3023 -1.92002 -1.38762 
-0.0904134 1.06691 2.63345 1.03108 -1.3847 2.21526 1.04218 -0.763201 -1.52807 -4.95325 2.45144 -2.60554 2.91194 1.58188 -1.94993 
0.924796 -0.159837 -1.07392 -0.453626 2.79349 -1.30839 -2.50806 4.7504 3.36866 0.632818 2.28711 -2.03872 -1.55671 0.770107 -0.0349436 
-1.3686 2.64292 2.65924 2.67197 -1.66408 0.641185 0.0251704 1.79927 -2.35372 -1.63158 0.800268 -2.26765 1.49427 -1.1045 -0.146331 
